RUN=RMTMediumPropAlibiK48 zone=us-east5-a progress=4680 checkpoint=4600 report=4600
RUN=RMTMediumPropAlibiK48 BASE=BamMHAMediumPropAlibiC256 gap=RUN-BASE window=+/-25 sample_period=10
step:       200        400        600        800       1000       1200       1400       1600       1800       2000       2200       2400       2600       2800       3000       3200       3400       3600       3800       4000
 gap: -0.738580  -0.878590  -0.417874  -0.292545  -0.224633  -0.190207  -0.152329  -0.137959  -0.123507  -0.105491  -0.092493  -0.088003  -0.083534  -0.078655  -0.073093  -0.064252  -0.061030  -0.060111  -0.053518  -0.049941
r200:        --     +0.190     -0.524     -0.300     -0.232     -0.153     -0.199     -0.094     -0.105     -0.146     -0.123     -0.049     -0.051     -0.058     -0.071     -0.121     -0.050     -0.015     -0.110     -0.067

step:      4200       4400       4600
 gap: -0.048306  -0.046578  -0.044656
r200:    -0.033     -0.036     -0.041

trend: last5_mean=-0.048600 prev5_mean=-0.067428 drift=+0.018828/1000steps (toward 0)

RUN=RMTMediumPropAlibiK64 zone=us-east5-a progress=4640 checkpoint=4600 report=4600
RUN=RMTMediumPropAlibiK64 BASE=RMTMediumPropAlibiK48 gap=RUN-BASE window=+/-25 sample_period=10
step:       200        400        600        800       1000       1200       1400       1600       1800       2000       2200       2400       2600       2800       3000       3200       3400       3600       3800       4000
 gap: -0.370569  -0.056423  -0.029676  -0.024187  -0.021752  -0.016659  -0.019866  -0.020157  -0.021265  -0.022076  -0.026218  -0.022632  -0.023724  -0.021460  -0.021509  -0.022160  -0.022905  -0.021624  -0.022935  -0.022808
r200:        --     -0.848     -0.474     -0.185     -0.101     -0.234     +0.192     +0.015     +0.055     +0.038     +0.188     -0.137     +0.048     -0.095     +0.002     +0.030     +0.034     -0.056     +0.061     -0.006

step:      4200       4400       4600
 gap: -0.021092  -0.022299  -0.021369
r200:    -0.075     +0.057     -0.042

trend: last5_mean=-0.022101 prev5_mean=-0.021932 drift=-0.000169/1000steps (deepening)

RUN=RMTMediumPropAlibiK64 BASE=BamMHAMediumPropAlibiC256 gap=RUN-BASE window=+/-25 sample_period=10
step:       200        400        600        800       1000       1200       1400       1600       1800       2000       2200       2400       2600       2800       3000       3200       3400       3600       3800       4000
 gap: -1.109150  -0.935012  -0.447550  -0.316731  -0.246385  -0.206866  -0.172195  -0.158116  -0.144771  -0.127567  -0.118712  -0.110635  -0.107258  -0.100114  -0.094602  -0.086412  -0.083936  -0.081735  -0.076453  -0.072749
r200:        --     -0.157     -0.521     -0.292     -0.222     -0.160     -0.168     -0.082     -0.084     -0.119     -0.069     -0.068     -0.031     -0.067     -0.055     -0.087     -0.029     -0.026     -0.065     -0.048

step:      4200       4400       4600
 gap: -0.069398  -0.068877  -0.066025
r200:    -0.046     -0.008     -0.041

trend: last5_mean=-0.070700 prev5_mean=-0.089360 drift=+0.018659/1000steps (toward 0)

RUN=BamMediumPropK75AllLocalMOnlyAlibiRMTBudget zone=us-east5-a progress=4480 checkpoint=4400 report=4400
RUN=BamMediumPropK75AllLocalMOnlyAlibiRMTBudget BASE=RMTMediumPropAlibiK48 gap=RUN-BASE window=+/-25 sample_period=10
step:       200        400        600        800       1000       1200       1400       1600       1800       2000       2200       2400       2600       2800       3000       3200       3400       3600       3800       4000
 gap: +0.097075  +0.103623  +0.034597  +0.012319  -0.003461  -0.012080  -0.018896  -0.023605  -0.029300  -0.032890  -0.039059  -0.035993  -0.038569  -0.037841  -0.038841  -0.039665  -0.040200  -0.039845  -0.040345  -0.041109
r200:        --     +0.067     -0.666     -0.644     -0.719     +2.490     +0.564     +0.249     +0.241     +0.123     +0.188     -0.078     +0.072     -0.019     +0.026     +0.021     +0.013     -0.009     +0.013     +0.019

step:      4200       4400
 gap: -0.039479  -0.039500
r200:    -0.040     +0.001

trend: last5_mean=-0.040055 prev5_mean=-0.039023 drift=-0.001032/1000steps (deepening)

RUN=BamMediumPropK75AllLocalMOnlyAlibiRMTBudget BASE=RMTMediumPropAlibiK64 gap=RUN-BASE window=+/-25 sample_period=10
step:       200        400        600        800       1000       1200       1400       1600       1800       2000       2200       2400       2600       2800       3000       3200       3400       3600       3800       4000
 gap: +0.467645  +0.160045  +0.064274  +0.036506  +0.018291  +0.004579  +0.000970  -0.003448  -0.008035  -0.010814  -0.012841  -0.013361  -0.014845  -0.016381  -0.017332  -0.017506  -0.017295  -0.018221  -0.017410  -0.018300
r200:        --     -0.658     -0.598     -0.432     -0.499     -0.750     -0.788     +2.554     +1.331     +0.346     +0.187     +0.041     +0.111     +0.103     +0.058     +0.010     -0.012     +0.054     -0.045     +0.051

step:      4200       4400
 gap: -0.018387  -0.017201
r200:    +0.005     -0.064

trend: last5_mean=-0.017904 prev5_mean=-0.016672 drift=-0.001232/1000steps (deepening)

RUN=BamMediumPropK75AllLocalMOnlyAlibiRMTBudget BASE=BamMHAMediumPropAlibiC256 gap=RUN-BASE window=+/-25 sample_period=10
step:       200        400        600        800       1000       1200       1400       1600       1800       2000       2200       2400       2600       2800       3000       3200       3400       3600       3800       4000
 gap: -0.641505  -0.774967  -0.383277  -0.280226  -0.228094  -0.202287  -0.171225  -0.161563  -0.152807  -0.138381  -0.131553  -0.123997  -0.122102  -0.116495  -0.111934  -0.103918  -0.101231  -0.099956  -0.093863  -0.091049
r200:        --     +0.208     -0.505     -0.269     -0.186     -0.113     -0.154     -0.056     -0.054     -0.094     -0.049     -0.057     -0.015     -0.046     -0.039     -0.072     -0.026     -0.013     -0.061     -0.030

step:      4200       4400
 gap: -0.087785  -0.086078
r200:    -0.036     -0.019

trend: last5_mean=-0.091746 prev5_mean=-0.111136 drift=+0.019390/1000steps (toward 0)

RUN=BamMediumPropK75AllLocalStaticAlibiRMTBudget zone=us-east5-a progress=4633 checkpoint=4600 report=4400
RUN=BamMediumPropK75AllLocalStaticAlibiRMTBudget BASE=BamMediumPropK75AllLocalMOnlyAlibiRMTBudget gap=RUN-BASE window=+/-25 sample_period=10
step:       200        400        600        800       1000       1200       1400       1600       1800       2000       2200       2400       2600       2800       3000       3200       3400       3600       3800       4000
 gap: +0.210490  +0.204270  +0.209893  +0.209681  +0.212042  +0.215657  +0.211008  +0.213293  +0.216807  +0.213565  +0.214226  +0.214282  +0.215653  +0.213414  +0.213527  +0.214727  +0.213195  +0.215349  +0.214032  +0.216548
r200:        --     -0.030     +0.028     -0.001     +0.011     +0.017     -0.022     +0.011     +0.016     -0.015     +0.003     +0.000     +0.006     -0.010     +0.001     +0.006     -0.007     +0.010     -0.006     +0.012

step:      4200
 gap: +0.211778
r200:    -0.022

trend: last5_mean=+0.214180 prev5_mean=+0.214321 drift=-0.000140/1000steps (toward 0)

RUN=BamMediumPropK75AllLocalStaticAlibiRMTBudget BASE=RMTMediumPropAlibiK48 gap=RUN-BASE window=+/-25 sample_period=10
step:       200        400        600        800       1000       1200       1400       1600       1800       2000       2200       2400       2600       2800       3000       3200       3400       3600       3800       4000
 gap: +0.307565  +0.307892  +0.244491  +0.222000  +0.208581  +0.203577  +0.192113  +0.189688  +0.187507  +0.180675  +0.175166  +0.178288  +0.177084  +0.175574  +0.174686  +0.175061  +0.172994  +0.175504  +0.173687  +0.175439
r200:        --     +0.001     -0.206     -0.092     -0.060     -0.024     -0.056     -0.013     -0.012     -0.036     -0.030     +0.018     -0.007     -0.009     -0.005     +0.002     -0.012     +0.015     -0.010     +0.010

step:      4200       4400
 gap: +0.172299  +0.170762
r200:    -0.018     -0.009

trend: last5_mean=+0.173538 prev5_mean=+0.175080 drift=-0.001541/1000steps (toward 0)

RUN=BamMediumPropK75AllLocalStaticAlibiRMTBudget BASE=RMTMediumPropAlibiK64 gap=RUN-BASE window=+/-25 sample_period=10
step:       200        400        600        800       1000       1200       1400       1600       1800       2000       2200       2400       2600       2800       3000       3200       3400       3600       3800       4000
 gap: +0.678134  +0.364315  +0.274167  +0.246186  +0.230333  +0.220236  +0.211978  +0.209845  +0.208771  +0.202751  +0.201385  +0.200920  +0.200808  +0.197033  +0.196196  +0.197221  +0.195900  +0.197128  +0.196622  +0.198247
r200:        --     -0.463     -0.247     -0.102     -0.064     -0.044     -0.037     -0.010     -0.005     -0.029     -0.007     -0.002     -0.001     -0.019     -0.004     +0.005     -0.007     +0.006     -0.003     +0.008

step:      4200       4400
 gap: +0.193391  +0.193061
r200:    -0.024     -0.002

trend: last5_mean=+0.195690 prev5_mean=+0.197432 drift=-0.001742/1000steps (toward 0)

RUN=BamMediumPropK75AllLocalStaticAlibiRMTBudget BASE=BamMHAMediumPropAlibiC256 gap=RUN-BASE window=+/-25 sample_period=10
step:       200        400        600        800       1000       1200       1400       1600       1800       2000       2200       2400       2600       2800       3000       3200       3400       3600       3800       4000
 gap: -0.431015  -0.570697  -0.173383  -0.070545  -0.016052  +0.013370  +0.039783  +0.051729  +0.064000  +0.075183  +0.082673  +0.090285  +0.093551  +0.096919  +0.101593  +0.110809  +0.111964  +0.115393  +0.120169  +0.125498
r200:        --     +0.324     -0.696     -0.593     -0.772     -0.167     +1.976     +0.300     +0.237     +0.175     +0.100     +0.092     +0.036     +0.036     +0.048     +0.091     +0.010     +0.031     +0.041     +0.044

step:      4200       4400
 gap: +0.123993  +0.124184
r200:    -0.012     +0.002

trend: last5_mean=+0.121848 prev5_mean=+0.102967 drift=+0.018880/1000steps (deepening)

SIGN_CROSS: 1000:-0.016052 -> 1200:+0.013370
RUN=BamMHAMediumPropAlibiC256 zone=us-east5-a progress=5641 checkpoint=5600 report=5600
RUN=BamMHAMediumPropAlibiC256 BASE=RMTMediumPropAlibiK48 gap=RUN-BASE window=+/-25 sample_period=10
step:       200        400        600        800       1000       1200       1400       1600       1800       2000       2200       2400       2600       2800       3000       3200       3400       3600       3800       4000
 gap: +0.738580  +0.878590  +0.417874  +0.292545  +0.224633  +0.190207  +0.152329  +0.137959  +0.123507  +0.105491  +0.092493  +0.088003  +0.083534  +0.078655  +0.073093  +0.064252  +0.061030  +0.060111  +0.053518  +0.049941
r200:        --     +0.190     -0.524     -0.300     -0.232     -0.153     -0.199     -0.094     -0.105     -0.146     -0.123     -0.049     -0.051     -0.058     -0.071     -0.121     -0.050     -0.015     -0.110     -0.067

step:      4200       4400       4600
 gap: +0.048306  +0.046578  +0.044656
r200:    -0.033     -0.036     -0.041

trend: last5_mean=+0.048600 prev5_mean=+0.067428 drift=-0.018828/1000steps (toward 0)

RUN=BamMHAMediumPropAlibiC256 BASE=BamMHAMediumPropC256 gap=RUN-BASE window=+/-25 sample_period=10
step:       200        400        600        800       1000       1200       1400       1600       1800       2000       2200       2400       2600       2800       3000       3200       3400       3600       3800       4000
 gap: -0.436680  -0.375382  -0.321204  -0.235767  -0.178654  -0.140686  -0.110837  -0.089228  -0.076930  -0.062695  -0.056741  -0.052568  -0.044181  -0.041688  -0.039590  -0.035824  -0.034120  -0.037399  -0.029631  -0.027922
r200:        --     -0.140     -0.144     -0.266     -0.242     -0.213     -0.212     -0.195     -0.138     -0.185     -0.095     -0.074     -0.160     -0.056     -0.050     -0.095     -0.048     +0.096     -0.208     -0.058

step:      4200       4400       4600       4800       5000       5200       5400       5600
 gap: -0.026291  -0.024697  -0.024831  -0.022929  -0.021693  -0.020589  -0.019600  -0.021077
r200:    -0.058     -0.061     +0.005     -0.077     -0.054     -0.051     -0.048     +0.075

trend: last5_mean=-0.021178 prev5_mean=-0.026675 drift=+0.005497/1000steps (toward 0)

RUN=BamMediumPropK75AllLocalQK57RoPE18RMTBudget zone=us-east5-a progress=4430 checkpoint=4400 report=4400
RUN=BamMediumPropK75AllLocalQK57RoPE18RMTBudget BASE=BamMediumPropK75AllLocalMOnlyAlibiRMTBudget gap=RUN-BASE window=+/-25 sample_period=10
step:       200        400        600        800       1000       1200       1400       1600       1800       2000       2200       2400       2600       2800       3000       3200       3400       3600       3800       4000
 gap: -0.068141  -0.046946  -0.043406  -0.050943  -0.045578  -0.038547  -0.035087  -0.030057  -0.028969  -0.026096  -0.024225  -0.022069  -0.021640  -0.021214  -0.019703  -0.020434  -0.017258  -0.018821  -0.018182  -0.018556
r200:        --     -0.311     -0.075     +0.174     -0.105     -0.154     -0.090     -0.143     -0.036     -0.099     -0.072     -0.089     -0.019     -0.020     -0.071     +0.037     -0.155     +0.091     -0.034     +0.021

step:      4200       4400
 gap: -0.014953  -0.016066
r200:    -0.194     +0.074

trend: last5_mean=-0.017316 prev5_mean=-0.020050 drift=+0.002734/1000steps (toward 0)

RUN=BamMediumPropK75AllLocalQK57RoPE18RMTBudget BASE=BamMediumPropK75EmbedVOnlyQK57AllLocal gap=RUN-BASE window=+/-25 sample_period=10
step:       200        400        600        800       1000       1200       1400       1600       1800       2000       2200       2400       2600       2800       3000       3200       3400       3600       3800       4000
 gap: +0.007836  +0.022037  +0.019706  +0.017320  +0.019509  +0.019268  +0.021078  +0.022485  +0.022071  +0.021457  +0.022700  +0.023883  +0.023011  +0.024217  +0.025995  +0.023891  +0.025900  +0.026364  +0.025148  +0.026482
r200:        --     +1.812     -0.106     -0.121     +0.126     -0.012     +0.094     +0.067     -0.018     -0.028     +0.058     +0.052     -0.037     +0.052     +0.073     -0.081     +0.084     +0.018     -0.046     +0.053

step:      4200       4400
 gap: +0.027461  +0.027778
r200:    +0.037     +0.012

trend: last5_mean=+0.026647 prev5_mean=+0.024603 drift=+0.002044/1000steps (deepening)

RUN=BamMediumPropK75AllLocalQK57RoPE18RMTBudget BASE=BamMediumPropK75EmbedVOnlyQK57MLP3200 gap=RUN-BASE window=+/-25 sample_period=10
step:       200        400        600        800       1000       1200       1400       1600       1800       2000       2200       2400       2600       2800       3000       3200       3400       3600       4000       4400
 gap: -0.403201  -0.056896  -0.014124  +0.003098  +0.013942  +0.020704  +0.023088  +0.027803  +0.027178  +0.030063  +0.029866  +0.033148  +0.034402  +0.034920  +0.037400  +0.036137  +0.037608  +0.038313  +0.039100  +0.040370
r200:        --     -0.859     -0.752     -0.781     +3.500     +0.485     +0.115     +0.204     -0.022     +0.106     -0.007     +0.110     +0.038     +0.015     +0.071     -0.034     +0.041     +0.019         --         --

trend: last5_mean=+0.038306 prev5_mean=+0.033947 drift=+0.004359/1000steps (deepening)

RUN=BamMediumPropK75AllLocalQK57RoPE18RMTBudget BASE=RMTMediumPropAlibiK48 gap=RUN-BASE window=+/-25 sample_period=10
step:       200        400        600        800       1000       1200       1400       1600       1800       2000       2200       2400       2600       2800       3000       3200       3400       3600       3800       4000
 gap: +0.028934  +0.056677  -0.008808  -0.038624  -0.049039  -0.050627  -0.053983  -0.053661  -0.058269  -0.058986  -0.063285  -0.058062  -0.060208  -0.059054  -0.058544  -0.060100  -0.057458  -0.058666  -0.058527  -0.059665
r200:        --     +0.959     -0.845     +3.385     +0.270     +0.032     +0.066     -0.006     +0.086     +0.012     +0.073     -0.083     +0.037     -0.019     -0.009     +0.027     -0.044     +0.021     -0.002     +0.019

step:      4200       4400
 gap: -0.054432  -0.055566
r200:    -0.088     +0.021

trend: last5_mean=-0.057371 prev5_mean=-0.059073 drift=+0.001702/1000steps (toward 0)

