RUN=RMTMediumPropAlibiK48 zone=us-east5-a progress=3730 checkpoint=3600 report=3600
RUN=RMTMediumPropAlibiK48 BASE=BamMHAMediumPropAlibiC256 gap=RUN-BASE window=+/-25 sample_period=10
step:       200        400        600        800       1000       1200       1400       1600       1800       2000       2200       2400       2600       2800       3000       3200       3400       3600
 gap: -0.738580  -0.878590  -0.417874  -0.292545  -0.224633  -0.190207  -0.152329  -0.137959  -0.123507  -0.105491  -0.092493  -0.088003  -0.083534  -0.078655  -0.073093  -0.064252  -0.061030  -0.060111
r200:        --     +0.190     -0.524     -0.300     -0.232     -0.153     -0.199     -0.094     -0.105     -0.146     -0.123     -0.049     -0.051     -0.058     -0.071     -0.121     -0.050     -0.015

trend: last5_mean=-0.067428 prev5_mean=-0.098606 drift=+0.031177/1000steps (toward 0)

RUN=RMTMediumPropAlibiK64 zone=us-east5-a progress=3715 checkpoint=3600 report=3600
RUN=RMTMediumPropAlibiK64 BASE=RMTMediumPropAlibiK48 gap=RUN-BASE window=+/-25 sample_period=10
step:       200        400        600        800       1000       1200       1400       1600       1800       2000       2200       2400       2600       2800       3000       3200       3400
 gap: -0.370569  -0.056423  -0.029676  -0.024187  -0.021752  -0.016659  -0.019866  -0.020157  -0.021265  -0.022076  -0.026218  -0.022632  -0.023724  -0.021460  -0.021509  -0.022160  -0.022905
r200:        --     -0.848     -0.474     -0.185     -0.101     -0.234     +0.192     +0.015     +0.055     +0.038     +0.188     -0.137     +0.048     -0.095     +0.002     +0.030     +0.034

trend: last5_mean=-0.022352 prev5_mean=-0.022470 drift=+0.000118/1000steps (toward 0)

RUN=RMTMediumPropAlibiK64 BASE=BamMHAMediumPropAlibiC256 gap=RUN-BASE window=+/-25 sample_period=10
step:       200        400        600        800       1000       1200       1400       1600       1800       2000       2200       2400       2600       2800       3000       3200       3400       3600
 gap: -1.109150  -0.935012  -0.447550  -0.316731  -0.246385  -0.206866  -0.172195  -0.158116  -0.144771  -0.127567  -0.118712  -0.110635  -0.107258  -0.100114  -0.094602  -0.086412  -0.083936  -0.081735
r200:        --     -0.157     -0.521     -0.292     -0.222     -0.160     -0.168     -0.082     -0.084     -0.119     -0.069     -0.068     -0.031     -0.067     -0.055     -0.087     -0.029     -0.026

trend: last5_mean=-0.089360 prev5_mean=-0.121789 drift=+0.032429/1000steps (toward 0)

RUN=BamMediumPropK75AllLocalMOnlyAlibiRMTBudget zone=us-east5-a progress=3687 checkpoint=3600 report=3600
RUN=BamMediumPropK75AllLocalMOnlyAlibiRMTBudget BASE=RMTMediumPropAlibiK48 gap=RUN-BASE window=+/-25 sample_period=10
step:       200        400        600        800       1000       1200       1400       1600       1800       2000       2200       2400       2600       2800       3000       3200       3400       3600
 gap: +0.097075  +0.103623  +0.034597  +0.012319  -0.003461  -0.012080  -0.018896  -0.023605  -0.029300  -0.032890  -0.039059  -0.035993  -0.038569  -0.037841  -0.038841  -0.039665  -0.040200  -0.039845
r200:        --     +0.067     -0.666     -0.644     -0.719     +2.490     +0.564     +0.249     +0.241     +0.123     +0.188     -0.078     +0.072     -0.019     +0.026     +0.021     +0.013     -0.009

trend: last5_mean=-0.039278 prev5_mean=-0.035162 drift=-0.004116/1000steps (deepening)

RUN=BamMediumPropK75AllLocalMOnlyAlibiRMTBudget BASE=RMTMediumPropAlibiK64 gap=RUN-BASE window=+/-25 sample_period=10
step:       200        400        600        800       1000       1200       1400       1600       1800       2000       2200       2400       2600       2800       3000       3200       3400       3600
 gap: +0.467645  +0.160045  +0.064274  +0.036506  +0.018291  +0.004579  +0.000970  -0.003448  -0.008035  -0.010814  -0.012841  -0.013361  -0.014845  -0.016381  -0.017332  -0.017506  -0.017295  -0.018221
r200:        --     -0.658     -0.598     -0.432     -0.499     -0.750     -0.788     +2.554     +1.331     +0.346     +0.187     +0.041     +0.111     +0.103     +0.058     +0.010     -0.012     +0.054

trend: last5_mean=-0.017347 prev5_mean=-0.011979 drift=-0.005368/1000steps (deepening)

RUN=BamMediumPropK75AllLocalMOnlyAlibiRMTBudget BASE=BamMHAMediumPropAlibiC256 gap=RUN-BASE window=+/-25 sample_period=10
step:       200        400        600        800       1000       1200       1400       1600       1800       2000       2200       2400       2600       2800       3000       3200       3400       3600
 gap: -0.641505  -0.774967  -0.383277  -0.280226  -0.228094  -0.202287  -0.171225  -0.161563  -0.152807  -0.138381  -0.131553  -0.123997  -0.122102  -0.116495  -0.111934  -0.103918  -0.101231  -0.099956
r200:        --     +0.208     -0.505     -0.269     -0.186     -0.113     -0.154     -0.056     -0.054     -0.094     -0.049     -0.057     -0.015     -0.046     -0.039     -0.072     -0.026     -0.013

trend: last5_mean=-0.106707 prev5_mean=-0.133768 drift=+0.027061/1000steps (toward 0)

RUN=BamMediumPropK75AllLocalStaticAlibiRMTBudget zone=us-east5-a progress=3672 checkpoint=3600 report=3600
RUN=BamMediumPropK75AllLocalStaticAlibiRMTBudget BASE=BamMediumPropK75AllLocalMOnlyAlibiRMTBudget gap=RUN-BASE window=+/-25 sample_period=10
step:       200        400        600        800       1000       1200       1400       1600       1800       2000       2200       2400       2600       2800       3000       3200       3400       3600
 gap: +0.210490  +0.204270  +0.209893  +0.209681  +0.212042  +0.215657  +0.211008  +0.213293  +0.216807  +0.213565  +0.214226  +0.214282  +0.215653  +0.213414  +0.213527  +0.214727  +0.213195  +0.215349
r200:        --     -0.030     +0.028     -0.001     +0.011     +0.017     -0.022     +0.011     +0.016     -0.015     +0.003     +0.000     +0.006     -0.010     +0.001     +0.006     -0.007     +0.010

trend: last5_mean=+0.214042 prev5_mean=+0.214906 drift=-0.000864/1000steps (toward 0)

RUN=BamMediumPropK75AllLocalStaticAlibiRMTBudget BASE=RMTMediumPropAlibiK48 gap=RUN-BASE window=+/-25 sample_period=10
step:       200        400        600        800       1000       1200       1400       1600       1800       2000       2200       2400       2600       2800       3000       3200       3400       3600
 gap: +0.307565  +0.307892  +0.244491  +0.222000  +0.208581  +0.203577  +0.192113  +0.189688  +0.187507  +0.180675  +0.175166  +0.178288  +0.177084  +0.175574  +0.174686  +0.175061  +0.172994  +0.175504
r200:        --     +0.001     -0.206     -0.092     -0.060     -0.024     -0.056     -0.013     -0.012     -0.036     -0.030     +0.018     -0.007     -0.009     -0.005     +0.002     -0.012     +0.015

trend: last5_mean=+0.174764 prev5_mean=+0.179744 drift=-0.004980/1000steps (toward 0)

RUN=BamMediumPropK75AllLocalStaticAlibiRMTBudget BASE=RMTMediumPropAlibiK64 gap=RUN-BASE window=+/-25 sample_period=10
step:       200        400        600        800       1000       1200       1400       1600       1800       2000       2200       2400       2600       2800       3000       3200       3400       3600
 gap: +0.678134  +0.364315  +0.274167  +0.246186  +0.230333  +0.220236  +0.211978  +0.209845  +0.208771  +0.202751  +0.201385  +0.200920  +0.200808  +0.197033  +0.196196  +0.197221  +0.195900  +0.197128
r200:        --     -0.463     -0.247     -0.102     -0.064     -0.044     -0.037     -0.010     -0.005     -0.029     -0.007     -0.002     -0.001     -0.019     -0.004     +0.005     -0.007     +0.006

trend: last5_mean=+0.196696 prev5_mean=+0.202927 drift=-0.006232/1000steps (toward 0)

RUN=BamMHAMediumPropAlibiC256 zone=us-east5-a progress=4641 checkpoint=4600 report=4600
RUN=BamMHAMediumPropAlibiC256 BASE=RMTMediumPropAlibiK48 gap=RUN-BASE window=+/-25 sample_period=10
step:       200        400        600        800       1000       1200       1400       1600       1800       2000       2200       2400       2600       2800       3000       3200       3400       3600
 gap: +0.738580  +0.878590  +0.417874  +0.292545  +0.224633  +0.190207  +0.152329  +0.137959  +0.123507  +0.105491  +0.092493  +0.088003  +0.083534  +0.078655  +0.073093  +0.064252  +0.061030  +0.060111
r200:        --     +0.190     -0.524     -0.300     -0.232     -0.153     -0.199     -0.094     -0.105     -0.146     -0.123     -0.049     -0.051     -0.058     -0.071     -0.121     -0.050     -0.015

trend: last5_mean=+0.067428 prev5_mean=+0.098606 drift=-0.031177/1000steps (toward 0)

RUN=BamMHAMediumPropAlibiC256 BASE=BamMHAMediumPropC256 gap=RUN-BASE window=+/-25 sample_period=10
step:       200        400        600        800       1000       1200       1400       1600       1800       2000       2200       2400       2600       2800       3000       3200       3400       3600       3800       4000
 gap: -0.436680  -0.375382  -0.321204  -0.235767  -0.178654  -0.140686  -0.110837  -0.089228  -0.076930  -0.062695  -0.056741  -0.052568  -0.044181  -0.041688  -0.039590  -0.035824  -0.034120  -0.037399  -0.029631  -0.027922
r200:        --     -0.140     -0.144     -0.266     -0.242     -0.213     -0.212     -0.195     -0.138     -0.185     -0.095     -0.074     -0.160     -0.056     -0.050     -0.095     -0.048     +0.096     -0.208     -0.058

step:      4200       4400       4600
 gap: -0.026291  -0.024697  -0.024831
r200:    -0.058     -0.061     +0.005

trend: last5_mean=-0.026675 prev5_mean=-0.037724 drift=+0.011050/1000steps (toward 0)

RUN=BamMediumPropK75AllLocalQK57RoPE18RMTBudget zone=us-east5-a progress=3549 checkpoint=3400 report=3400
RUN=BamMediumPropK75AllLocalQK57RoPE18RMTBudget BASE=BamMediumPropK75AllLocalMOnlyAlibiRMTBudget gap=RUN-BASE window=+/-25 sample_period=10
step:       200        400        600        800       1000       1200       1400       1600       1800       2000       2200       2400       2600       2800       3000       3200       3400
 gap: -0.068141  -0.046946  -0.043406  -0.050943  -0.045578  -0.038547  -0.035087  -0.030057  -0.028969  -0.026096  -0.024225  -0.022069  -0.021640  -0.021214  -0.019703  -0.020434  -0.017258
r200:        --     -0.311     -0.075     +0.174     -0.105     -0.154     -0.090     -0.143     -0.036     -0.099     -0.072     -0.089     -0.019     -0.020     -0.071     +0.037     -0.155

trend: last5_mean=-0.020050 prev5_mean=-0.026283 drift=+0.006233/1000steps (toward 0)

RUN=BamMediumPropK75AllLocalQK57RoPE18RMTBudget BASE=BamMediumPropK75EmbedVOnlyQK57AllLocal gap=RUN-BASE window=+/-25 sample_period=10
step:       200        400        600        800       1000       1200       1400       1600       1800       2000       2200       2400       2600       2800       3000       3200       3400
 gap: +0.007836  +0.022037  +0.019706  +0.017320  +0.019509  +0.019268  +0.021078  +0.022485  +0.022071  +0.021457  +0.022700  +0.023883  +0.023011  +0.024217  +0.025995  +0.023891  +0.025900
r200:        --     +1.812     -0.106     -0.121     +0.126     -0.012     +0.094     +0.067     -0.018     -0.028     +0.058     +0.052     -0.037     +0.052     +0.073     -0.081     +0.084

trend: last5_mean=+0.024603 prev5_mean=+0.022519 drift=+0.002084/1000steps (deepening)

RUN=BamMediumPropK75AllLocalQK57RoPE18RMTBudget BASE=BamMediumPropK75EmbedVOnlyQK57MLP3200 gap=RUN-BASE window=+/-25 sample_period=10
step:       200        400        600        800       1000       1200       1400       1600       1800       2000       2200       2400       2600       2800       3000       3200       3400
 gap: -0.403201  -0.056896  -0.014124  +0.003098  +0.013942  +0.020704  +0.023088  +0.027803  +0.027178  +0.030063  +0.029866  +0.033148  +0.034402  +0.034920  +0.037400  +0.036137  +0.037608
r200:        --     -0.859     -0.752     -0.781     +3.500     +0.485     +0.115     +0.204     -0.022     +0.106     -0.007     +0.110     +0.038     +0.015     +0.071     -0.034     +0.041

trend: last5_mean=+0.036093 prev5_mean=+0.029612 drift=+0.006482/1000steps (deepening)

RUN=BamMediumPropK75AllLocalQK57RoPE18RMTBudget BASE=RMTMediumPropAlibiK48 gap=RUN-BASE window=+/-25 sample_period=10
step:       200        400        600        800       1000       1200       1400       1600       1800       2000       2200       2400       2600       2800       3000       3200       3400
 gap: +0.028934  +0.056677  -0.008808  -0.038624  -0.049039  -0.050627  -0.053983  -0.053661  -0.058269  -0.058986  -0.063285  -0.058062  -0.060208  -0.059054  -0.058544  -0.060100  -0.057458
r200:        --     +0.959     -0.845     +3.385     +0.270     +0.032     +0.066     -0.006     +0.086     +0.012     +0.073     -0.083     +0.037     -0.019     -0.009     +0.027     -0.044

trend: last5_mean=-0.059073 prev5_mean=-0.058453 drift=-0.000620/1000steps (deepening)

